AOI name: Queixo

Number of Keyframes: 1
Number of Vertices: 53

Keyframe timestamp = 00:00:00.000
Active: True

X	Y

163,16	447,73
165,96	451,13
171,16	455,33
175,76	458,33
182,36	461,33
189,16	463,53
193,36	464,73
197,76	465,53
203,56	466,33
208,16	466,73
210,76	466,73
215,36	466,73
219,76	466,53
225,56	465,53
229,36	464,53
233,36	463,13
238,96	461,53
244,16	458,93
248,36	457,13
251,16	454,73
253,56	453,13
255,56	450,33
257,16	448,33
258,36	445,33
258,56	441,93
257,96	438,13
255,96	434,53
253,56	431,53
249,56	429,13
245,56	426,73
242,36	425,13
237,56	423,33
233,96	422,33
228,56	420,73
224,56	419,93
218,76	419,33
213,76	419,13
207,76	418,93
203,16	418,93
199,36	419,13
193,56	419,93
190,76	420,73
185,76	422,13
180,56	424,13
175,56	425,93
173,56	427,13
170,56	429,33
168,96	430,93
166,36	433,33
163,96	435,93
162,96	438,53
162,56	441,13
162,36	442,93


AOI name: Boca

Number of Keyframes: 1
Number of Vertices: 50

Keyframe timestamp = 00:00:00.000
Active: True

X	Y

177,2	394,6
179,8	391,6
182,8	388,8
185,2	387
187,2	385,8
189,8	383,8
192	382,2
195,2	380,2
195,8	379,4
196,8	379,2
198,8	379,6
201,2	381
203	382,2
206	383,2
207,8	383,2
211	383
213,4	382,6
216	381,6
217,6	381,4
220,8	381,8
224,6	383,8
229,4	386,2
231,8	388
234	389,8
237	392,6
238	393,6
239,6	395
237,6	397,2
235,8	399,8
234	402,4
232,2	404,8
230,8	406,4
229,2	407,8
227,4	409,4
225,2	410,6
221,4	412,6
217	413,6
212,6	413,6
207,6	413,2
204,2	412,6
201,4	411,6
198,8	409,8
197	408,6
194,6	406,8
190,8	404,8
188,2	403
186	401,8
184,2	400,2
181,4	398,4
179,2	396,6


AOI name: Nariz

Number of Keyframes: 1
Number of Vertices: 45

Keyframe timestamp = 00:00:00.000
Active: True

X	Y

197,4	305,4
195,8	309,4
194	313
192,6	315
191	318,6
189,4	322
188,2	325
187	327,4
186,2	330,2
185	331,8
184	332,8
182	334,2
180,2	335,4
178	337,6
177	339,8
176,2	343,4
176	346
177	349
178,8	350,6
179,8	351,6
183,6	354,6
188,6	357,2
196,2	358,6
202,6	358,6
215,8	358,6
219,8	358,6
224,2	358
229	357
234,4	354,6
236,8	352,2
238,8	350,2
240	348,2
240,8	345,2
240,6	341,8
240,2	339,4
239,4	337,8
237,6	334,6
235,4	331,2
233,6	327,8
231,6	325,4
228,6	321,2
226,2	315,2
223,4	310
221	306,6
220,6	305


AOI name: Sulco Nasolabial E

Number of Keyframes: 1
Number of Vertices: 40

Keyframe timestamp = 00:00:00.000
Active: True

X	Y

164,08	429,79
164,32	423,74
165,04	413,82
166,01	399,78
166,5	388,41
167,22	379,46
168,67	368,57
170,13	356,22
171,58	347,03
173,51	335,9
176,66	326,7
180,29	318,71
183,44	311,94
186,1	307,82
182,71	307,1
179,08	306,86
177,14	307,34
176,18	309,28
174,24	313,39
171,82	317,99
169,88	321,62
167,46	326,22
165,53	330,81
164,32	335,9
163,11	340,25
161,41	346,79
160,69	350,9
159,48	357,19
158,75	363
158,27	370,26
158,03	378
157,78	385,02
157,06	398,57
156,82	406,08
156,33	414,55
156,33	422,29
156,09	427,13
156,33	429,79
157,78	430,76
161,17	430,52


AOI name: Sulco Nasolabial D

Number of Keyframes: 1
Number of Vertices: 45

Keyframe timestamp = 00:00:00.000
Active: True

X	Y

252,89	424,95
254,34	426,16
256,28	426,89
258,94	427,13
261,6	426,89
261,6	422,29
261,12	414,55
260,39	405,11
259,91	396,4
259,42	390,59
259,18	385,26
258,7	378
257,73	369,53
257,25	361,31
256,28	352,59
254,83	343,4
252,65	335,17
249,26	324,76
245,63	318,23
242,48	312,42
240,06	307,82
238,85	305,89
234,26	305,65
230,14	306,37
231,84	310,97
234,5	315,33
236,43	320,17
238,85	325,01
240,06	327,18
241,52	332,75
243,45	340,01
245,15	347,03
246,11	352,35
247,08	359,13
247,57	366,15
248,05	371,71
248,53	378,25
249,26	383,33
249,74	389,14
249,74	393,49
250,47	400,75
250,95	406,56
251,2	412,85
251,68	417,45
252,16	421,08


AOI name: Bochecha E

Number of Keyframes: 1
Number of Vertices: 61

Keyframe timestamp = 00:00:00.000
Active: True

X	Y

148,13	435,3
148,13	428,81
148,13	420,49
148,65	412,18
149,43	404,64
150,47	396,84
151,25	389,31
152,03	381,25
152,81	373,45
153,85	366,7
154,63	358,9
156,45	350,32
158,01	344,35
159,05	337,33
160,09	332,13
161,65	326,67
162,69	321,74
162,95	319,4
156,45	318,88
147,87	318,36
141,12	318,1
133,84	317,58
127,6	317,58
121,89	317,32
114,35	317,32
108,89	317,58
103,17	317,58
98,24	317,84
92,78	318,36
84,46	318,88
77,97	319,14
71,47	319,4
65,49	319,92
61,85	320,44
62,63	326,67
63,41	333,43
63,67	337,85
64,19	344,87
64,19	349,54
64,97	354,74
65,23	357,86
66,01	361,76
66,53	365,92
67,57	370,59
68,35	375,01
69,65	379,95
71,99	386,19
74,59	390,86
78,22	395,8
83,16	400,48
87,58	404,12
92,26	407,5
97,2	410,36
103,17	413,47
109,93	417,11
114,09	418,93
120,33	422,05
126,82	425,69
131,24	427,51
135,14	429,33
141,12	432,19


AOI name: Bochecha D

Number of Keyframes: 1
Number of Vertices: 55

Keyframe timestamp = 00:00:00.000
Active: True

X	Y

275,01	437,96
280,44	435,38
286,73	431,95
293,3	427,95
299,59	424,52
304,17	421,66
309,6	418,23
314,74	414,8
321,32	410,23
326,75	405,65
331,04	401,94
334,18	397,65
337,61	392,79
340,47	387,36
342,47	383,35
344,76	377,92
346,19	371,63
347,05	366,77
348,19	359,91
348,76	351,05
349,05	346,76
349,62	340,47
349,91	335,61
349,91	329,04
350,19	322,75
349,91	314,17
343,05	314,46
334,76	314,46
324,18	314,46
316,17	314,17
306,45	313,89
295,88	313,89
283,87	314,17
275,87	314,46
268,15	315,03
262,14	315,6
255,86	316,46
250,71	317,32
252,14	322,75
254,43	330,75
256,14	339,04
257,86	345,62
259,57	352,19
261,29	359,34
262,14	364,2
263,57	371,35
265	378,49
266,15	385,07
267,29	393,07
268,72	401,65
270,15	409,37
271,29	416,52
272,72	422,52
273,87	427,09
274,44	432,52


AOI name: Olho D

Number of Keyframes: 1
Number of Vertices: 27

Keyframe timestamp = 00:00:00.000
Active: True

X	Y

248,14	302,17
247,28	242,71
252,42	241,56
259,86	238,99
269,58	236,99
277,58	235,27
284,73	234,99
291,02	234,7
298,45	235,27
307,31	236,7
313,03	238,7
317,03	240,7
321,03	242,71
322,46	243,28
321,03	303,88
316,17	305,88
308,74	307,6
304,17	309,03
297,31	310,46
291,88	311,03
289,02	311,31
283,58	311,6
278,15	311,6
272,15	310,74
268,43	309,89
260,72	307,6
256,71	306,17


AOI name: Entre Sobrancelhas

Number of Keyframes: 1
Number of Vertices: 27

Keyframe timestamp = 00:00:00.000
Active: True

X	Y

247,28	242,42
248,14	301,88
240,7	300,74
233,27	299,88
227,27	298,74
222,69	298,16
218,12	297,59
213,83	297,02
208,4	297,02
203,83	296,73
199,25	296,73
194,11	297,31
189,53	297,88
184,96	298,74
178,67	299,88
172,95	300,74
163,52	240,42
172,09	238,42
181,53	236,99
188,96	236,13
196,39	235,56
204,68	235,27
215,83	235,56
219,55	236,13
226,98	237,56
233,84	238,99
239,56	240,13


AOI name: Olho E

Number of Keyframes: 1
Number of Vertices: 31

Keyframe timestamp = 00:00:00.000
Active: True

X	Y

173,54	301,12
163,88	240,55
160,23	239,69
155,29	238,41
150,35	237,55
145,41	236,9
139,18	236,47
131,45	236,26
126,93	236,69
121,35	237,76
117,91	238,62
114,69	239,48
110,4	240,55
105,03	242,27
100,95	244,63
98,15	246,35
95,36	248,5
93	249,79
104,81	310,57
108,46	311,43
112,33	311,86
116,41	312,29
119,85	312,29
130,16	312,72
137,03	312,72
140,9	312,5
144,12	311,86
148,63	310,57
154,86	308,42
161,08	306,06
164,95	304,56


AOI name: Sobrancelha E

Number of Keyframes: 1
Number of Vertices: 36

Keyframe timestamp = 00:00:00.000
Active: True

X	Y

93	250,22
97,08	247,43
101,59	244,85
104,38	243,13
107,18	241,84
110,4	240,77
112,97	239,91
117,7	238,84
121,99	237,98
125,43	237,12
129,51	236,69
134,45	236,47
138,96	236,69
143,26	236,69
147,34	236,9
151,85	237,98
157	239,05
162,16	239,91
164,09	240,34
161,3	237,76
159,37	236,69
155,29	234,54
150,35	232,82
145,84	231,53
140,9	230,89
135,1	230,67
128,44	230,67
125,43	231,53
121,78	232,39
117,7	233,68
114,05	235,18
108,68	237,33
105,24	239,05
101,38	241,2
97,08	244,42
94,5	247,21


AOI name: Sobrancelha D

Number of Keyframes: 1
Number of Vertices: 35

Keyframe timestamp = 00:00:00.000
Active: True

X	Y

247,4	242,8
250,2	242
254,8	240,6
258,8	239,4
263,2	238,2
268,8	237
272,4	236,2
278,2	235
286,2	234,8
293,6	234,8
298,8	235
306,8	236,4
312	237,8
315,6	239,6
318,8	241
321,4	242,8
322,8	243,4
322	241,2
319,8	238,6
317,2	237
314,2	235,6
310,6	233,6
307,2	231,8
304	230,8
298,6	229,4
294,2	228,8
288,6	228,4
281,6	228,8
277,4	229,4
272,8	230,6
269	231,8
264,4	233,6
260,2	235,4
257,2	237
251,8	239,4


AOI name: Testa

Number of Keyframes: 1
Number of Vertices: 76

Keyframe timestamp = 00:00:00.000
Active: True

X	Y

92,77	249,63
95,99	244,8
100,17	241,9
104,36	239,64
107,26	237,71
111,45	235,46
116,6	233,2
123,37	231,27
127,87	230,3
132,71	230,3
141,72	230,63
146,56	231,27
152,03	232,56
155,9	234,81
160,41	236,74
163,63	239,32
165,24	239,64
172	238,68
176,83	237,71
183,92	236,42
191,65	235,46
207,76	235,46
220	235,78
225,79	236,74
231,27	238,03
238,68	239,64
243,51	240,93
247,05	241,9
248,34	241,9
252,53	239,32
256,72	236,74
263,16	233,85
268,31	231,59
273,79	229,98
279,91	228,69
288,28	228,05
295,69	228,69
302,45	229,66
309,22	232,24
313,08	233,85
315,98	235,13
319,2	237,71
322,1	239,97
323,39	241,9
323,39	226,76
323,39	204,86
323,39	180,38
322,1	150,1
320,81	142,05
315,66	133,99
311,15	129,81
306,32	126,26
302,13	123,37
294,72	118,86
285,06	114,35
275,08	111,13
264,12	108,23
253,49	105,65
243,83	104,36
232,56	103,39
216,45	102,11
201,31	101,14
189,72	101,46
177,48	102,11
165,24	104,04
150,74	105,97
138,18	109,51
127,23	113,38
115,31	117,89
108,55	121,75
100,5	126,91
92,44	134,32
87,61	142,05
86,32	145,59
86,32	169,1
89,22	213,55


AOI name: Face

Number of Keyframes: 1
Number of Vertices: 154

Keyframe timestamp = 00:00:00.000
Active: True

X	Y

158,75	445,28
163,35	447,7
168,67	452,78
174,24	457,14
181,98	461,01
188,03	463,19
192,87	464,4
204,73	466,82
215,14	467,06
224,33	465,85
232,08	463,43
239,58	460,77
251,24	455
254,98	451,37
260,88	448,91
270,07	444,07
276,36	441,41
280,24	440,68
285,32	439,71
293,06	437,05
299,6	434,87
306,13	431,24
314,36	426,89
320,89	422,29
327,91	416,24
332,27	411,16
339,04	402,93
342,91	396,15
346,54	389,14
349,93	379,21
352,35	371,23
354,16	361,95
355,21	355,45
355,5	349,93
355,98	344,61
355,98	339,28
355,26	326,94
355,01	318,71
355,06	311,45
354,41	303,67
354,33	295,89
354,85	287,88
356,69	279,55
358,92	273,01
360,98	267,63
362,47	263,67
364,69	259,42
366,35	254,34
369,09	247,28
370,74	240,79
372,68	230,38
374,37	219,98
375,34	210,06
376,07	197,47
375,83	185,86
374,13	171,09
371,23	159,72
366,63	148,35
363	139,88
357,43	130,68
349,45	121
342,19	113,01
334,2	105,27
326,46	98,74
318,96	92,93
311,7	87,36
304,19	82,28
297,42	78,89
287,01	73,81
279,99	70,18
270,31	66,07
255,31	60,02
245,63	56,63
235,71	53,72
228,69	51,55
220,46	50,34
216,11	49,85
204,01	49,61
197,96	50,09
188,76	50,58
180,29	51,3
171,58	53
162,87	55,18
154,88	58,08
148,35	60,02
140,36	61,95
135,28	64,61
130,68	66,55
124,87	69,45
118,34	73,33
114,71	75,26
109,63	78,65
104,54	82,52
99,22	86,39
94,62	90,75
89,78	95,11
83,25	101,16
78,17	106,72
73,81	111,56
67,76	118,58
63,89	124,87
59,29	131,89
55,9	138,42
53	145,2
49,61	153,19
45,98	162,14
44,29	168,92
42,35	177,14
40,9	183,92
39,93	190,45
39,2	200,13
39,2	207,64
38,96	216,59
38,96	221,91
38,96	225,54
39,45	231,11
40,9	239,82
42,35	246,36
44,29	252,89
46,95	259,91
48,4	264,75
50,09	270,56
51,79	276,85
53	284,35
53,97	290,64
54,93	302,02
55,18	308,31
54,93	313,87
54,93	320,17
54,69	324,76
54,45	329,6
54,69	337,83
55,42	344,85
56,39	351,63
57,6	358,16
59,77	367,11
61,71	373,16
64,13	379,94
67,28	386,47
71,39	393,98
76,23	400,03
79,38	403,66
83,97	408,5
89,06	412,37
95,35	416,48
102,12	419,87
110,35	423,5
118,34	426,89
125,84	430,28
132,62	432,94
138,91	435,84
144,96	438,99
150,52	441,41
154,88	443,59


